第2次$U=\{0,3,1\}$TE=\{(0,3)5,(3,1)3\}$LW=\{(1,2)12,(1,4)10,(3,5)7,(3,6)15\}$第3次$U=\{0,3,1,5\}$TE=\{(0,3)5,(3,1)3,(3,5)7\}$LW=\{(5,2)2,(5,4)9,(3,6)15\}$第4次$U=\{0,3,1,5,2\}$TE=\{(0,3)5,(3,1)3,(3,5)7,(5,2)2\}$LW=\{(2,4)6,(3,6)15\}$第5次$U=\{0,3,1,5,2,4\}$TE=\{(0,3)5,(3,1)3,(3,5)7,(5,2)2,(2,4)6\}$LW=\{(3,6)15\}$第6次$U=\{0,3,1,5,2,4,6\}$TE=\{(0,3)5,(3,1)3,(3,5)7,(5,2)2,(2,4)6,(3,6)15\}$LW=\{\}$每次对应的图形如图8-4(b)～图8-4(h)所示，其中粗实线表示新加入到$TE$集合中的边，细实线表示已加入到$TE$集合中的边，虚线表示$LW$集合中的边，但权值为MaxValue的边实际上是不存在的，所以没被画出。

(a) 连通网
(b) 第0次
(c) 第1次
(d) 第2次
(e) 第3次
(f) 第4次
(g) 第5次
(h) 第6次

图8-4 利用普里姆算法求图的最小生成树的示意图
